b <- 1
a <- c(1, 2, 3)
b <- c(2, 3, 4)